%YAML:1.0
---
left_camera_matrix: !!opencv-matrix
   rows: 3
   cols: 3
   dt: d
   data: [ 4628.0767604462135, 0., 2096.531124252605, 0.,
       4630.3444013763637, 2707.1607650739006, 0., 0., 1. ]
left_dist_coeffs: !!opencv-matrix
   rows: 1
   cols: 5
   dt: d
   data: [ -0.21276628590338642, 6.5382519355774953,
       -0.0061726600374449473, -0.0064979198834343383,
       -42.432728378548937 ]
left_rms_error: 4.044487216021758
right_camera_matrix: !!opencv-matrix
   rows: 3
   cols: 3
   dt: d
   data: [ 4628.0767604462135, 0., 2096.531124252605, 0.,
       4630.3444013763637, 2707.1607650739006, 0., 0., 1. ]
right_dist_coeffs: !!opencv-matrix
   rows: 1
   cols: 5
   dt: d
   data: [ -0.21276628590338642, 6.5382519355774953,
       -0.0061726600374449473, -0.0064979198834343383,
       -42.432728378548937 ]
right_rms_error: 4.044487216021758
image_width: 4284
image_height: 5712
board_cols: 9
board_rows: 6
square_size_mm: 20.
R: !!opencv-matrix
   rows: 3
   cols: 3
   dt: d
   data: [ 1., 4.1847445920733672e-13, 3.4636824147992626e-12,
       -4.1847445920733672e-13, 1., -4.0217649216025128e-12,
       -3.4636824147992626e-12, 4.0217649216025128e-12, 1. ]
T: !!opencv-matrix
   rows: 3
   cols: 1
   dt: d
   data: [ -1.1465611548969789e-09, 1.3298792469663099e-09,
       -9.1774309541001566e-11 ]
E: !!opencv-matrix
   rows: 3
   cols: 3
   dt: d
   data: [ -4.6446845660779905e-21, 9.1774309546350025e-11,
       1.3298792469659407e-09, -9.1774309544972886e-11,
       4.5727942286824378e-21, 1.146561154896661e-09,
       -1.3298792469658301e-09, -1.1465611548975354e-09,
       4.9200717130413414e-24 ]
F: !!opencv-matrix
   rows: 3
   cols: 3
   dt: d
   data: [ -1.5053285292208743e-07, 2972.9215695961375,
       191426527.5424211, -2972.9215695515268, 1.4805778364438539e-07,
       178126579.48335612, -191426527.54189408, -178126579.48438233, 1. ]
stereo_rms_error: 4.044486727796027
R1: !!opencv-matrix
   rows: 3
   cols: 3
   dt: d
   data: [ 0.75789674240087579, 0.65208664610253342,
       -0.019378695335080739, -0.65208664610253342, 0.7563456115461572,
       -0.05219503682936532, -0.019378695335080739, 0.05219503682936532,
       0.99844886914528141 ]
R2: !!opencv-matrix
   rows: 3
   cols: 3
   dt: d
   data: [ 0.75789674240087579, 0.65208664610253342,
       -0.019378695335080739, -0.65208664610253342, 0.7563456115461572,
       -0.05219503682936532, -0.019378695335080739, 0.05219503682936532,
       0.99844886914528141 ]
P1: !!opencv-matrix
   rows: 3
   cols: 4
   dt: d
   data: [ 20513.559600806962, 0., 2145.7619209289551, 0., 0.,
       20513.559600806962, 3096.5798492431641, 0., 0., 0., 1., 0. ]
P2: !!opencv-matrix
   rows: 3
   cols: 4
   dt: d
   data: [ 20513.559600806962, 0., 2145.7619209289551, 0., 0.,
       20513.559600806962, 3096.5798492431641, 3.6068903921781847e-05,
       0., 0., 1., 0. ]
Q: !!opencv-matrix
   rows: 4
   cols: 4
   dt: d
   data: [ 1., 0., 0., -2145.7619209289551, 0., 1., 0.,
       -3096.5798492431641, 0., 0., 0., 20513.559600806962, 0., 0.,
       -568732547.16284621, 0. ]
